1
2
3
4
5
6
7
10
11
12
13
14
15
16
17
18
19
20
21
22
23
24
25
26
27
28
29
30
31
32
33
34
35
37
38
39
40
41
42
43
44
45
46
47
48
49
50
51
52
54
55
56
57
58
59
60
61
62
63
64
65
66
67
69
70
71
74
75
76
77
78
79
80
81
82
83
84
85
87
88
89
90
91
92
93
94
95
96
98
99
100
101
102
103
104
105
106
107
108
109
110
111
112
113
114
115
116
117
118
119
120
121
122
123
124
125
127
128
129
130
131
132
133
134
135
136
139
140
141
142
143
144
145
146
147
148
150
151
152
153
154
156
158
159
160
161
162
163
164
165
166
167
168
169
170
171
172
173
174
175
176
177
178
179
180
181
182
183
184
185
186
187
188
189
190
191
192
193
194
195
196
197
198
199
200
201
205
206
207
208
209
210
211
213
214
216
221
226
228
230
233
234
236
237
238
240
241
242
243
244
245
246
247
250
253
257
258
259
261
263
264
266
267
269
272
275
278
279
281
282
284
286
288
289
295
301
304
306
308
310
312
317
321
322
327
331
332
335
336
337
338
339
342
345
346
348
349
352
353
354
355
358
359
360
363
365
366
371
372
374
375
376
377
378
379
381
383
384
386
387
388
389
391
392
393
394
395
396
397
398
399
402
403
404
405
409
410
412
413
414
416
417
423
425
431
432
433
434
441
442
443
444
446
453
456
458
460
462
464
470
471
476
477
478
479
481
484
485
490
491
494
496
503
504
507
509
511
512
513
515
516
519
521
523
527
531
532
533
534
539
541
543
545
547
551
553
554
555
556
559
560
563
564
569
570
571
572
578
579
581
584
586
592
596
597
598
599
600
601
604
606
611
614
622
625
626
627
629
631
633
634
638
642
649
653
654
661
668
670
671
673
674
675
677
678
679
687
688
699
702
704
705
706
712
713
715
716
718
720
723
729
731
735
737
739
741
742
743
747
749
751
753
754
757
759
767
771
773
776
779
781
782
783
784
785
789
792
793
795
796
797
804
808
814
815
819
821
824
825
826
844
845
847
853
856
860
862
863
866
868
870
872
886
895
897
898
905
907
908
910
912
913
919
924
925
929
930
934
941
945
950
951
961
965
970
971
973
980
984
985
994
997
1007
1011
1014
1015
1016
1017
1020
1021
1022
1024
1025
1032
1034
1036
1039
1041
1045
1046
1048
1052
1055
1056
1058
1065
1069
1071
1076
1086
1088
1094
1098
1102
1103
1104
1106
1107
1110
1114
1126
1128
1131
1134
1135
1139
1140
1147
1148
1152
1155
1176
1181
1185
1186
1187
1188
1189
1196
1201
1204
1212
1214
1222
1228
1234
1248
1251
1252
1262
1263
1264
1271
1272
1277
1278
1284
1293
1294
1300
1301
1304
1316
1323
1324
1327
1329
1331
1332
1336
1343
1348
1350
1351
1352
1360
1372
1373
1374
1385
1386
1403
1406
1407
1414
1420
1423
1424
1427
1428
1433
1458
1471
1474
1480
1483
1484
1490
1493
1494
1502
1508
1510
1517
1520
1534
1539
1541
1542
1545
1548
1549
1550
1553
1560
1562
1563
1565
1567
1587
1592
1593
1594
1600
1601
1603
1604
1613
1618
1620
1627
1629
1634
1635
1638
1640
1642
1653
1655
1659
1660
1662
1664
1667
1680
1685
1692
1695
1702
1705
1706
1715
1716
1724
1726
1729
1730
1734
1738
1747
1751
1766
1768
1777
1783
1785
1795
1796
1797
1798
1799
1807
1830
1831
1836
1839
1847
1848
1856
1857
1858
1860
1862
1864
1865
1866
1882
1888
1891
1903
1904
1917
1923
1929
1930
1932
1936
1948
1951
1968
1970
1977
1980
1989
1998
2001
2019
2022
2029
2035
2038
2040
2042
2045
2053
2056
2060
2062
2063
2064
2065
2073
2078
2085
2086
2087
2088
2089
2099
2100
2102
2106
2107
2118
2131
2141
2147
2152
2157
2161
2167
2169
2185
2189
2194
2201
2231
2234
2244
2246
2251
2258
2268
2271
2280
2282
2305
2306
2308
2316
2317
2328
2331
2335
2340
2346
2349
2353
2354
2369
2370
2371
2373
2378
2380
2382
2386
2390
2396
2401
2402
2409
2410
2423
2427
2428
2430
2438
2444
2446
2448
2451
2455
2465
2467
2468
2478
2482
2493
2501
2504
2507
2508
2509
2511
2521
2527
2547
2559
2560
2566
2567
2569
2575
2579
2582
2598
2604
2606
2625
2629
2631
2635
2640
2653
2659
2675
2681
2703
2704
2708
2709
2715
2720
2724
2730
2732
2733
2736
2737
2744
2746
2748
2750
2754
2762
2763
2772
2778
2789
2791
2795
2801
2807
2809
2813
2816
2818
2827
2834
2840
2850
2851
2852
2855
2857
2861
2864
2872
2873
2874
2875
2879
2881
2892
2902
2905
2906
2911
2912
2917
2925
2929
2930
2934
2949
2952
2953
2955
2956
2957
2973
2977
2988
2996
3000
3007
3020
3028
3037
3040
3060
3065
3074
3085
3090
3096
3103
3121
3122
3137
3151
3155
3169
3170
3175
3179
3181
3192
3197
3198
3199
3200
3209
3214
3216
3224
3248
3249
3254
3255
3256
3258
3262
3265
3287
3306
3307
3309
3311
3314
3317
3320
3340
3345
3349
3352
3363
3364
3365
3367
3371
3375
3376
3385
3389
3394
3395
3401
3406
3416
3417
3430
3435
3440
3443
3451
3458
3474
3491
3493
3498
3507
3511
3526
3527
3533
3534
3536
3542
3545
3546
3563
3566
3567
3575
3576
3579
3581
3587
3592
3611
3627
3628
3630
3635
3636
3640
3642
3645
3647
3654
3658
3669
3670
3671
3674
3678
3684
3686
3687
3691
3700
3701
3704
3710
3712
3713
3730
3734
3737
3744
3753
3759
3762
3767
3775
3782
3788
3792
3796
3800
3809
3813
3819
3824
3827
3829
3831
3833
3841
3844
3849
3850
3853
3858
3860
3861
3862
3865
3873
3885
3886
3900
3903
3908
3910
3920
3949
3958
3971
3972
3976
3985
4001
4033
4036
4037
4039
4051
4072
4082
4096
4107
4116
4124
4135
4142
4156
4157
4179
4182
4183
4188
4194
4197
4200
4205
4215
4222
4256
4261
4265
4272
4276
4280
4284
4287
4292
4297
4299
4304
4305
4311
4327
4332
4340
4341
4342
4343
4352
4353
4369
4372
4374
4382
4387
4390
4396
4407
4417
4422
4424
4426
4434
4435
4456
4461
4479
4491
4512
4516
4523
4534
4536
4547
4548
4558
4570
4584
4591
4604
4607
4610
4611
4619
4628
4649
4650
4678
4682
4686
4701
4702
4706
4711
4713
4718
4719
4726
4733
4737
4744
4748
4750
4767
4774
4786
4796
4804
4817
4824
4838
4839
4844
4845
4849
4853
4884
4900
4909
4910
4917
4923
4942
4944
4945
4947
4950
4951
4954
4957
4968
4969
4977
4982
4993
4995
4997
5008
5010
5013
5038
5051
5067
5069
5079
5081
5087
5091
5102
5103
5108
5111
5131
5133
5134
5142
5143
5159
5184
5195
5196
5208
5214
5222
5227
5230
5234
5240
5242
5243
5253
5261
5275
5294
5318
5329
5330
5333
5344
5348
5349
5364
5379
5392
5397
5401
5407
5416
5438
5448
5467
5482
5485
5492
5510
5534
5552
5553
5563
5565
5576
5585
5587
5588
5591
5595
5610
5622
5626
5632
5641
5646
5647
5649
5660
5678
5685
5690
5732
5751
5817
5836
5840
5892
5956
5965
6005
6047
6053
6071
6077
6078
6086
6129
6146
6192
6211
6230
6233
6249
6283
6354
6364
6386
6410
6455
6489
6500
6509
6569
6582
6585
6592
6611
6669
6704
6716
6782
6847
6906
6907
6908
7056
7081
7110
7170
7211
7224
7225
7245
7304
7336
7341
7358
7397
7402
7404
7405
7451
7480
7482
7512
7562
7564
7604
7728
7753
7763
7817
7822
7888
7977
8008
8176
8333
8334
8450
8513
8516
8566
9400
9970
10165
10199
10473
10504
10563
11311
11500
11785
11906
12281
12711
13651
16657
16960
17480
17511
18514
19356
20255
1989UQ
1989VA
1991VH
1992BF
1993TQ2
1994AB1
1994AW1
1994EF2
1995BC2
1995BM2
1995WQ5
1995WL8
1996BZ3
1996FG3
1996FQ3
1996PW
1996UK
1996VC
1997AC11
1997AQ18
1997BQ
1997CZ5
1997GL3
1997RT
1997RD1
1997SE5
1997TT25
1997UH9
1997US9
1998FM5
1998KU2
1998MQ
1998PG
1998QR15
1998SG2
1998UT18
1998VR
1998VO33
1998WM
1998WS
1998WZ6
1999EE5
1999FA
1999FB
